100.00000 99.79969 99.59937 99.39906 99.19876 98.99845 98.79816 98.59787 98.39759 98.19731 97.99705 97.79680 97.59656 97.39633 97.19612 96.99592 96.79574 96.59558 96.39543 96.19530 95.99519 95.79510 95.59502 95.39497 95.19494 94.99492 94.79493 94.59495 94.39500 94.19507 93.99515 93.79526 93.59538 93.39552 93.19568 92.99586 92.79605 92.59626 92.39649 92.19673 91.99698 91.79724 91.59752 91.39781 91.19810 90.99841 90.79872 90.59903 90.39935 90.19968 90.00000 
100.00000 99.79969 99.59938 99.39907 99.19876 98.99846 98.79816 98.59787 98.39759 98.19732 97.99705 97.79680 97.59656 97.39634 97.19612 96.99593 96.79575 96.59558 96.39543 96.19530 95.99519 95.79510 95.59503 95.39497 95.19494 94.99493 94.79493 94.59496 94.39500 94.19507 93.99516 93.79526 93.59538 93.39553 93.19569 92.99586 92.79606 92.59627 92.39649 92.19673 91.99698 91.79725 91.59752 91.39781 91.19810 90.99841 90.79872 90.59903 90.39935 90.19968 90.00000 
100.00000 99.79969 99.59938 99.39907 99.19876 98.99846 98.79816 98.59787 98.39759 98.19732 97.99706 97.79680 97.59657 97.39634 97.19613 96.99593 96.79575 96.59559 96.39544 96.19531 95.99520 95.79511 95.59503 95.39498 95.19495 94.99493 94.79494 94.59496 94.39501 94.19507 93.99516 93.79526 93.59539 93.39553 93.19569 92.99587 92.79606 92.59627 92.39649 92.19673 91.99698 91.79725 91.59752 91.39781 91.19811 90.99841 90.79872 90.59903 90.39935 90.19968 90.00000 
100.00000 99.79969 99.59938 99.39907 99.19876 98.99846 98.79816 98.59788 98.39759 98.19732 97.99706 97.79681 97.59657 97.39634 97.19613 96.99594 96.79575 96.59559 96.39544 96.19531 95.99520 95.79511 95.59504 95.39498 95.19495 94.99494 94.79494 94.59497 94.39501 94.19508 93.99516 93.79527 93.59539 93.39553 93.19569 92.99587 92.79606 92.59627 92.39650 92.19674 91.99699 91.79725 91.59753 91.39781 91.19811 90.99841 90.79872 90.59903 90.39935 90.19968 90.00000 
100.00000 99.79969 99.59938 99.39907 99.19876 98.99846 98.79817 98.59788 98.39760 98.19732 97.99706 97.79681 97.59657 97.39635 97.19614 96.99594 96.79576 96.59559 96.39545 96.19532 95.99521 95.79512 95.59504 95.39499 95.19495 94.99494 94.79495 94.59497 94.39502 94.19508 93.99517 93.79527 93.59540 93.39554 93.19570 92.99587 92.79607 92.59628 92.39650 92.19674 91.99699 91.79725 91.59753 91.39781 91.19811 90.99841 90.79872 90.59903 90.39935 90.19968 90.00000 
100.00000 99.79969 99.59938 99.39907 99.19876 98.99846 98.79817 98.59788 98.39760 98.19733 97.99707 97.79681 97.59658 97.39635 97.19614 96.99594 96.79576 96.59560 96.39545 96.19532 95.99521 95.79512 95.59505 95.39499 95.19496 94.99495 94.79495 94.59498 94.39502 94.19509 93.99517 93.79528 93.59540 93.39554 93.19570 92.99588 92.79607 92.59628 92.39650 92.19674 91.99699 91.79726 91.59753 91.39782 91.19811 90.99841 90.79872 90.59904 90.39935 90.19968 90.00000 
100.00000 99.79969 99.59938 99.39907 99.19877 98.99847 98.79817 98.59788 98.39760 98.19733 97.99707 97.79682 97.59658 97.39635 97.19614 96.99595 96.79577 96.59560 96.39546 96.19533 95.99522 95.79512 95.59505 95.39500 95.19496 94.99495 94.79496 94.59498 94.39503 94.19509 93.99518 93.79528 93.59540 93.39555 93.19570 92.99588 92.79607 92.59628 92.39651 92.19674 91.99699 91.79726 91.59753 91.39782 91.19811 90.99841 90.79872 90.59904 90.39935 90.19968 90.00000 
100.00000 99.79969 99.59938 99.39907 99.19877 98.99847 98.79817 98.59788 98.39760 98.19733 97.99707 97.79682 97.59658 97.39636 97.19615 96.99595 96.79577 96.59561 96.39546 96.19533 95.99522 95.79513 95.59506 95.39500 95.19497 94.99495 94.79496 94.59499 94.39503 94.19510 93.99518 93.79529 93.59541 93.39555 93.19571 92.99588 92.79608 92.59628 92.39651 92.19675 91.99700 91.79726 91.59753 91.39782 91.19811 90.99841 90.79872 90.59904 90.39935 90.19968 90.00000 
100.00000 99.79969 99.59938 99.39907 99.19877 98.99847 98.79817 98.59789 98.39761 98.19733 97.99707 97.79682 97.59659 97.39636 97.19615 96.99595 96.79577 96.59561 96.39546 96.19534 95.99522 95.79513 95.59506 95.39501 95.19497 94.99496 94.79496 94.59499 94.39504 94.19510 93.99519 93.79529 93.59541 93.39555 93.19571 92.99589 92.79608 92.59629 92.39651 92.19675 91.99700 91.79726 91.59754 91.39782 91.19811 90.99842 90.79872 90.59904 90.39936 90.19968 90.00000 
100.00000 99.79969 99.59938 99.39907 99.19877 98.99847 98.79818 98.59789 98.39761 98.19734 97.99708 97.79683 97.59659 97.39636 97.19615 96.99596 96.79578 96.59561 96.39547 96.19534 95.99523 95.79514 95.59506 95.39501 95.19498 94.99496 94.79497 94.59499 94.39504 94.19510 93.99519 93.79529 93.59542 93.39556 93.19571 92.99589 92.79608 92.59629 92.39651 92.19675 91.99700 91.79726 91.59754 91.39782 91.19812 90.99842 90.79872 90.59904 90.39936 90.19968 90.00000 
100.00000 99.79969 99.59938 99.39907 99.19877 98.99847 98.79818 98.59789 98.39761 98.19734 97.99708 97.79683 97.59659 97.39637 97.19616 96.99596 96.79578 96.59562 96.39547 96.19534 95.99523 95.79514 95.59507 95.39501 95.19498 94.99497 94.79497 94.59500 94.39504 94.19511 93.99519 93.79530 93.59542 93.39556 93.19572 92.99589 92.79609 92.59629 92.39652 92.19675 91.99700 91.79727 91.59754 91.39782 91.19812 90.99842 90.79873 90.59904 90.39936 90.19968 90.00000 
100.00000 99.79969 99.59938 99.39908 99.19877 98.99847 98.79818 98.59789 98.39761 98.19734 97.99708 97.79683 97.59660 97.39637 97.19616 96.99597 96.79579 96.59562 96.39548 96.19535 95.99524 95.79514 95.59507 95.39502 95.19498 94.99497 94.79498 94.59500 94.39505 94.19511 93.99520 93.79530 93.59542 93.39556 93.19572 92.99590 92.79609 92.59630 92.39652 92.19676 91.99701 91.79727 91.59754 91.39783 91.19812 90.99842 90.79873 90.59904 90.39936 90.19968 90.00000 
100.00000 99.79969 99.59938 99.39908 99.19877 98.99847 98.79818 98.59789 98.39761 98.19734 97.99708 97.79683 97.59660 97.39637 97.19616 96.99597 96.79579 96.59563 96.39548 96.19535 95.99524 95.79515 95.59508 95.39502 95.19499 94.99497 94.79498 94.59501 94.39505 94.19512 93.99520 93.79530 93.59543 93.39557 93.19572 92.99590 92.79609 92.59630 92.39652 92.19676 91.99701 91.79727 91.59754 91.39783 91.19812 90.99842 90.79873 90.59904 90.39936 90.19968 90.00000 
100.00000 99.79969 99.59938 99.39908 99.19877 98.99848 98.79818 98.59790 98.39762 98.19735 97.99709 97.79684 97.59660 97.39638 97.19617 96.99597 96.79579 96.59563 96.39548 96.19535 95.99524 95.79515 95.59508 95.39503 95.19499 94.99498 94.79498 94.59501 94.39505 94.19512 93.99520 93.79531 93.59543 93.39557 93.19573 92.99590 92.79609 92.59630 92.39652 92.19676 91.99701 91.79727 91.59754 91.39783 91.19812 90.99842 90.79873 90.59904 90.39936 90.19968 90.00000 
100.00000 99.79969 99.59938 99.39908 99.19878 98.99848 98.79818 98.59790 98.39762 98.19735 97.99709 97.79684 97.59660 97.39638 97.19617 96.99598 96.79580 96.59563 96.39549 96.19536 95.99525 95.79516 95.59508 95.39503 95.19500 94.99498 94.79499 94.59501 94.39506 94.19512 93.99521 93.79531 93.59543 93.39557 93.19573 92.99591 92.79610 92.59630 92.39653 92.19676 91.99701 91.79727 91.59755 91.39783 91.19812 90.99842 90.79873 90.59904 90.39936 90.19968 90.00000 
100.00000 99.79969 99.59938 99.39908 99.19878 98.99848 98.79818 98.59790 98.39762 98.19735 97.99709 97.79684 97.59661 97.39638 97.19617 96.99598 96.79580 96.59564 96.39549 96.19536 95.99525 95.79516 95.59509 95.39503 95.19500 94.99499 94.79499 94.59502 94.39506 94.19513 93.99521 93.79531 93.59544 93.39558 93.19573 92.99591 92.79610 92.59631 92.39653 92.19676 91.99701 91.79728 91.59755 91.39783 91.19812 90.99842 90.79873 90.59904 90.39936 90.19968 90.00000 
100.00000 99.79969 99.59938 99.39908 99.19878 98.99848 98.79819 98.59790 98.39762 98.19735 97.99709 97.79684 97.59661 97.39639 97.19618 96.99598 96.79580 96.59564 96.39549 96.19537 95.99525 95.79516 95.59509 95.39504 95.19500 94.99499 94.79499 94.59502 94.39507 94.19513 93.99521 93.79532 93.59544 93.39558 93.19574 92.99591 92.79610 92.59631 92.39653 92.19677 91.99702 91.79728 91.59755 91.39783 91.19812 90.99842 90.79873 90.59904 90.39936 90.19968 90.00000 
100.00000 99.79969 99.59939 99.39908 99.19878 98.99848 98.79819 98.59790 98.39762 98.19735 97.99710 97.79685 97.59661 97.39639 97.19618 96.99598 96.79581 96.59564 96.39550 96.19537 95.99526 95.79517 95.59509 95.39504 95.19501 94.99499 94.79500 94.59502 94.39507 94.19513 93.99522 93.79532 93.59544 93.39558 93.19574 92.99591 92.79611 92.59631 92.39653 92.19677 91.99702 91.79728 91.59755 91.39783 91.19813 90.99843 90.79873 90.59904 90.39936 90.19968 90.00000 
100.00000 99.79969 99.59939 99.39908 99.19878 98.99848 98.79819 98.59790 98.39763 98.19736 97.99710 97.79685 97.59661 97.39639 97.19618 96.99599 96.79581 96.59565 96.39550 96.19537 95.99526 95.79517 95.59510 95.39504 95.19501 94.99500 94.79500 94.59503 94.39507 94.19514 93.99522 93.79532 93.59545 93.39558 93.19574 92.99592 92.79611 92.59631 92.39654 92.19677 91.99702 91.79728 91.59755 91.39784 91.19813 90.99843 90.79873 90.59904 90.39936 90.19968 90.00000 
100.00000 99.79969 99.59939 99.39908 99.19878 98.99848 98.79819 98.59790 98.39763 98.19736 97.99710 97.79685 97.59662 97.39639 97.19618 96.99599 96.79581 96.59565 96.39550 96.19537 95.99526 95.79517 95.59510 95.39505 95.19501 94.99500 94.79501 94.59503 94.39508 94.19514 93.99522 93.79533 93.59545 93.39559 93.19575 92.99592 92.79611 92.59632 92.39654 92.19677 91.99702 91.79728 91.59755 91.39784 91.19813 90.99843 90.79873 90.59904 90.39936 90.19968 90.00000 
100.00000 99.79969 99.59939 99.39908 99.19878 98.99848 98.79819 98.59791 98.39763 98.19736 97.99710 97.79685 97.59662 97.39640 97.19619 96.99599 96.79581 96.59565 96.39551 96.19538 95.99527 95.79518 95.59510 95.39505 95.19502 94.99500 94.79501 94.59503 94.39508 94.19514 93.99523 93.79533 93.59545 93.39559 93.19575 92.99592 92.79611 92.59632 92.39654 92.19678 91.99702 91.79728 91.59756 91.39784 91.19813 90.99843 90.79873 90.59905 90.39936 90.19968 90.00000 
100.00000 99.79969 99.59939 99.39908 99.19878 98.99848 98.79819 98.59791 98.39763 98.19736 97.99710 97.79686 97.59662 97.39640 97.19619 96.99600 96.79582 96.59565 96.39551 96.19538 95.99527 95.79518 95.59511 95.39505 95.19502 94.99501 94.79501 94.59504 94.39508 94.19515 93.99523 93.79533 93.59545 93.39559 93.19575 92.99592 92.79612 92.59632 92.39654 92.19678 91.99703 91.79729 91.59756 91.39784 91.19813 90.99843 90.79873 90.59905 90.39936 90.19968 90.00000 
100.00000 99.79969 99.59939 99.39908 99.19878 98.99849 98.79819 98.59791 98.39763 98.19736 97.99711 97.79686 97.59662 97.39640 97.19619 96.99600 96.79582 96.59566 96.39551 96.19538 95.99527 95.79518 95.59511 95.39506 95.19502 94.99501 94.79502 94.59504 94.39509 94.19515 93.99523 93.79534 93.59546 93.39560 93.19575 92.99593 92.79612 92.59632 92.39654 92.19678 91.99703 91.79729 91.59756 91.39784 91.19813 90.99843 90.79874 90.59905 90.39936 90.19968 90.00000 
100.00000 99.79969 99.59939 99.39908 99.19878 98.99849 98.79820 98.59791 98.39763 98.19737 97.99711 97.79686 97.59663 97.39640 97.19619 96.99600 96.79582 96.59566 96.39552 96.19539 95.99528 95.79519 95.59511 95.39506 95.19503 94.99501 94.79502 94.59504 94.39509 94.19515 93.99524 93.79534 93.59546 93.39560 93.19576 92.99593 92.79612 92.59633 92.39655 92.19678 91.99703 91.79729 91.59756 91.39784 91.19813 90.99843 90.79874 90.59905 90.39936 90.19968 90.00000 
100.00000 99.79969 99.59939 99.39908 99.19878 98.99849 98.79820 98.59791 98.39764 98.19737 97.99711 97.79686 97.59663 97.39641 97.19620 96.99600 96.79583 96.59566 96.39552 96.19539 95.99528 95.79519 95.59512 95.39506 95.19503 94.99502 94.79502 94.59505 94.39509 94.19516 93.99524 93.79534 93.59546 93.39560 93.19576 92.99593 92.79612 92.59633 92.39655 92.19678 91.99703 91.79729 91.59756 91.39784 91.19813 90.99843 90.79874 90.59905 90.39936 90.19968 90.00000 
100.00000 99.79969 99.59939 99.39909 99.19878 98.99849 98.79820 98.59791 98.39764 98.19737 97.99711 97.79686 97.59663 97.39641 97.19620 96.99601 96.79583 96.59567 96.39552 96.19539 95.99528 95.79519 95.59512 95.39507 95.19503 94.99502 94.79502 94.59505 94.39509 94.19516 93.99524 93.79534 93.59547 93.39560 93.19576 92.99594 92.79613 92.59633 92.39655 92.19679 91.99703 91.79729 91.59756 91.39785 91.19814 90.99843 90.79874 90.59905 90.39936 90.19968 90.00000 
100.00000 99.79969 99.59939 99.39909 99.19879 98.99849 98.79820 98.59791 98.39764 98.19737 97.99711 97.79687 97.59663 97.39641 97.19620 96.99601 96.79583 96.59567 96.39552 96.19540 95.99529 95.79520 95.59512 95.39507 95.19504 94.99502 94.79503 94.59505 94.39510 94.19516 93.99525 93.79535 93.59547 93.39561 93.19576 92.99594 92.79613 92.59633 92.39655 92.19679 91.99704 91.79729 91.59757 91.39785 91.19814 90.99843 90.79874 90.59905 90.39936 90.19968 90.00000 
100.00000 99.79969 99.59939 99.39909 99.19879 98.99849 98.79820 98.59792 98.39764 98.19737 97.99711 97.79687 97.59663 97.39641 97.19620 96.99601 96.79583 96.59567 96.39553 96.19540 95.99529 95.79520 95.59513 95.39507 95.19504 94.99503 94.79503 94.59506 94.39510 94.19516 93.99525 93.79535 93.59547 93.39561 93.19577 92.99594 92.79613 92.59634 92.39656 92.19679 91.99704 91.79730 91.59757 91.39785 91.19814 90.99843 90.79874 90.59905 90.39936 90.19968 90.00000 
100.00000 99.79969 99.59939 99.39909 99.19879 98.99849 98.79820 98.59792 98.39764 98.19737 97.99712 97.79687 97.59664 97.39641 97.19621 96.99601 96.79584 96.59567 96.39553 96.19540 95.99529 95.79520 95.59513 95.39508 95.19504 94.99503 94.79503 94.59506 94.39510 94.19517 93.99525 93.79535 93.59547 93.39561 93.19577 92.99594 92.79613 92.59634 92.39656 92.19679 91.99704 91.79730 91.59757 91.39785 91.19814 90.99844 90.79874 90.59905 90.39936 90.19968 90.00000 
100.00000 99.79969 99.59939 99.39909 99.19879 98.99849 98.79820 98.59792 98.39764 98.19738 97.99712 97.79687 97.59664 97.39642 97.19621 96.99602 96.79584 96.59568 96.39553 96.19540 95.99530 95.79520 95.59513 95.39508 95.19505 94.99503 94.79504 94.59506 94.39511 94.19517 93.99525 93.79536 93.59548 93.39562 93.19577 92.99594 92.79613 92.59634 92.39656 92.19679 91.99704 91.79730 91.59757 91.39785 91.19814 90.99844 90.79874 90.59905 90.39936 90.19968 90.00000 
100.00000 99.79969 99.59939 99.39909 99.19879 98.99849 98.79820 98.59792 98.39764 98.19738 97.99712 97.79687 97.59664 97.39642 97.19621 96.99602 96.79584 96.59568 96.39553 96.19541 95.99530 95.79521 95.59514 95.39508 95.19505 94.99503 94.79504 94.59506 94.39511 94.19517 93.99526 93.79536 93.59548 93.39562 93.19577 92.99595 92.79614 92.59634 92.39656 92.19680 91.99704 91.79730 91.59757 91.39785 91.19814 90.99844 90.79874 90.59905 90.39936 90.19968 90.00000 
100.00000 99.79970 99.59939 99.39909 99.19879 98.99849 98.79820 98.59792 98.39765 98.19738 97.99712 97.79688 97.59664 97.39642 97.19621 96.99602 96.79584 96.59568 96.39554 96.19541 95.99530 95.79521 95.59514 95.39509 95.19505 94.99504 94.79504 94.59507 94.39511 94.19518 93.99526 93.79536 93.59548 93.39562 93.19578 92.99595 92.79614 92.59634 92.39656 92.19680 91.99704 91.79730 91.59757 91.39785 91.19814 90.99844 90.79874 90.59905 90.39936 90.19968 90.00000 
100.00000 99.79970 99.59939 99.39909 99.19879 98.99849 98.79821 98.59792 98.39765 98.19738 97.99712 97.79688 97.59664 97.39642 97.19622 96.99602 96.79585 96.59568 96.39554 96.19541 95.99530 95.79521 95.59514 95.39509 95.19505 94.99504 94.79505 94.59507 94.39512 94.19518 93.99526 93.79536 93.59548 93.39562 93.19578 92.99595 92.79614 92.59635 92.39657 92.19680 91.99705 91.79730 91.59757 91.39785 91.19814 90.99844 90.79874 90.59905 90.39937 90.19968 90.00000 
100.00000 99.79970 99.59939 99.39909 99.19879 98.99850 98.79821 98.59792 98.39765 98.19738 97.99713 97.79688 97.59665 97.39643 97.19622 96.99603 96.79585 96.59569 96.39554 96.19542 95.99531 95.79522 95.59514 95.39509 95.19506 94.99504 94.79505 94.59507 94.39512 94.19518 93.99527 93.79537 93.59549 93.39563 93.19578 92.99595 92.79614 92.59635 92.39657 92.19680 91.99705 91.79731 91.59758 91.39786 91.19814 90.99844 90.79874 90.59905 90.39937 90.19968 90.00000 
100.00000 99.79970 99.59939 99.39909 99.19879 98.99850 98.79821 98.59792 98.39765 98.19738 97.99713 97.79688 97.59665 97.39643 97.19622 96.99603 96.79585 96.59569 96.39555 96.19542 95.99531 95.79522 95.59515 95.39509 95.19506 94.99505 94.79505 94.59508 94.39512 94.19518 93.99527 93.79537 93.59549 93.39563 93.19578 92.99596 92.79615 92.59635 92.39657 92.19680 91.99705 91.79731 91.59758 91.39786 91.19815 90.99844 90.79874 90.59905 90.39937 90.19968 90.00000 
100.00000 99.79970 99.59939 99.39909 99.19879 98.99850 98.79821 98.59793 98.39765 98.19739 97.99713 97.79688 97.59665 97.39643 97.19622 96.99603 96.79585 96.59569 96.39555 96.19542 95.99531 95.79522 95.59515 95.39510 95.19506 94.99505 94.79505 94.59508 94.39512 94.19519 93.99527 93.79537 93.59549 93.39563 93.19579 92.99596 92.79615 92.59635 92.39657 92.19680 91.99705 91.79731 91.59758 91.39786 91.19815 90.99844 90.79875 90.59905 90.39937 90.19968 90.00000 
100.00000 99.79970 99.59939 99.39909 99.19879 98.99850 98.79821 98.59793 98.39765 98.19739 97.99713 97.79689 97.59665 97.39643 97.19622 96.99603 96.79586 96.59569 96.39555 96.19542 95.99532 95.79522 95.59515 95.39510 95.19507 94.99505 94.79506 94.59508 94.39513 94.19519 93.99527 93.79538 93.59550 93.39563 93.19579 92.99596 92.79615 92.59635 92.39657 92.19681 91.99705 91.79731 91.59758 91.39786 91.19815 90.99844 90.79875 90.59905 90.39937 90.19968 90.00000 
100.00000 99.79970 99.59939 99.39909 99.19879 98.99850 98.79821 98.59793 98.39765 98.19739 97.99713 97.79689 97.59665 97.39643 97.19623 96.99603 96.79586 96.59570 96.39555 96.19543 95.99532 95.79523 95.59516 95.39510 95.19507 94.99506 94.79506 94.59509 94.39513 94.19519 93.99528 93.79538 93.59550 93.39564 93.19579 92.99596 92.79615 92.59636 92.39658 92.19681 91.99705 91.79731 91.59758 91.39786 91.19815 90.99844 90.79875 90.59905 90.39937 90.19968 90.00000 
100.00000 99.79970 99.59939 99.39909 99.19879 98.99850 98.79821 98.59793 98.39766 98.19739 97.99713 97.79689 97.59666 97.39644 97.19623 96.99604 96.79586 96.59570 96.39556 96.19543 95.99532 95.79523 95.59516 95.39511 95.19507 94.99506 94.79506 94.59509 94.39513 94.19520 93.99528 93.79538 93.59550 93.39564 93.19579 92.99597 92.79615 92.59636 92.39658 92.19681 91.99706 91.79731 91.59758 91.39786 91.19815 90.99845 90.79875 90.59906 90.39937 90.19968 90.00000 
100.00000 99.79970 99.59939 99.39909 99.19880 98.99850 98.79821 98.59793 98.39766 98.19739 97.99714 97.79689 97.59666 97.39644 97.19623 96.99604 96.79586 96.59570 96.39556 96.19543 95.99532 95.79523 95.59516 95.39511 95.19508 94.99506 94.79507 94.59509 94.39514 94.19520 93.99528 93.79538 93.59550 93.39564 93.19580 92.99597 92.79616 92.59636 92.39658 92.19681 91.99706 91.79732 91.59758 91.39786 91.19815 90.99845 90.79875 90.59906 90.39937 90.19968 90.00000 
100.00000 99.79970 99.59939 99.39909 99.19880 98.99850 98.79821 98.59793 98.39766 98.19739 97.99714 97.79689 97.59666 97.39644 97.19623 96.99604 96.79587 96.59571 96.39556 96.19543 95.99533 95.79524 95.59516 95.39511 95.19508 94.99506 94.79507 94.59509 94.39514 94.19520 93.99528 93.79539 93.59551 93.39564 93.19580 92.99597 92.79616 92.59636 92.39658 92.19681 91.99706 91.79732 91.59759 91.39786 91.19815 90.99845 90.79875 90.59906 90.39937 90.19968 90.00000 
100.00000 99.79970 99.59939 99.39909 99.19880 98.99850 98.79822 98.59793 98.39766 98.19739 97.99714 97.79689 97.59666 97.39644 97.19624 96.99604 96.79587 96.59571 96.39556 96.19544 95.99533 95.79524 95.59517 95.39511 95.19508 94.99507 94.79507 94.59510 94.39514 94.19521 93.99529 93.79539 93.59551 93.39565 93.19580 92.99597 92.79616 92.59637 92.39658 92.19682 91.99706 91.79732 91.59759 91.39787 91.19815 90.99845 90.79875 90.59906 90.39937 90.19968 90.00000 
100.00000 99.79970 99.59940 99.39909 99.19880 98.99850 98.79822 98.59793 98.39766 98.19740 97.99714 97.79690 97.59666 97.39644 97.19624 96.99605 96.79587 96.59571 96.39557 96.19544 95.99533 95.79524 95.59517 95.39512 95.19508 94.99507 94.79508 94.59510 94.39514 94.19521 93.99529 93.79539 93.59551 93.39565 93.19580 92.99598 92.79616 92.59637 92.39659 92.19682 91.99706 91.79732 91.59759 91.39787 91.19815 90.99845 90.79875 90.59906 90.39937 90.19968 90.00000 
100.00000 99.79970 99.59940 99.39910 99.19880 98.99850 98.79822 98.59794 98.39766 98.19740 97.99714 97.79690 97.59667 97.39645 97.19624 96.99605 96.79587 96.59571 96.39557 96.19544 95.99533 95.79524 95.59517 95.39512 95.19509 94.99507 94.79508 94.59510 94.39515 94.19521 93.99529 93.79539 93.59551 93.39565 93.19581 92.99598 92.79617 92.59637 92.39659 92.19682 91.99707 91.79732 91.59759 91.39787 91.19815 90.99845 90.79875 90.59906 90.39937 90.19968 90.00000 
100.00000 99.79970 99.59940 99.39910 99.19880 98.99851 98.79822 98.59794 98.39766 98.19740 97.99714 97.79690 97.59667 97.39645 97.19624 96.99605 96.79588 96.59572 96.39557 96.19545 95.99534 95.79525 95.59518 95.39512 95.19509 94.99508 94.79508 94.59511 94.39515 94.19521 93.99530 93.79540 93.59552 93.39565 93.19581 92.99598 92.79617 92.59637 92.39659 92.19682 91.99707 91.79732 91.59759 91.39787 91.19816 90.99845 90.79875 90.59906 90.39937 90.19968 90.00000 
100.00000 99.79970 99.59940 99.39910 99.19880 98.99851 98.79822 98.59794 98.39767 98.19740 97.99715 97.79690 97.59667 97.39645 97.19625 96.99605 96.79588 96.59572 96.39558 96.19545 95.99534 95.79525 95.59518 95.39513 95.19509 94.99508 94.79508 94.59511 94.39515 94.19522 93.99530 93.79540 93.59552 93.39566 93.19581 92.99598 92.79617 92.59637 92.39659 92.19682 91.99707 91.79733 91.59759 91.39787 91.19816 90.99845 90.79875 90.59906 90.39937 90.19968 90.00000 
100.00000 99.79970 99.59940 99.39910 99.19880 98.99851 98.79822 98.59794 98.39767 98.19740 97.99715 97.79690 97.59667 97.39645 97.19625 96.99606 96.79588 96.59572 96.39558 96.19545 95.99534 95.79525 95.59518 95.39513 95.19510 94.99508 94.79509 94.59511 94.39516 94.19522 93.99530 93.79540 93.59552 93.39566 93.19581 92.99599 92.79617 92.59638 92.39659 92.19683 91.99707 91.79733 91.59759 91.39787 91.19816 90.99845 90.79875 90.59906 90.39937 90.19968 90.00000 
100.00000 99.79970 99.59940 99.39910 99.19880 98.99851 98.79822 98.59794 98.39767 98.19740 97.99715 97.79691 97.59667 97.39646 97.19625 96.99606 96.79588 96.59572 96.39558 96.19545 95.99535 95.79526 95.59519 95.39513 95.19510 94.99509 94.79509 94.59512 94.39516 94.19522 93.99531 93.79541 93.59553 93.39566 93.19582 92.99599 92.79618 92.59638 92.39660 92.19683 91.99707 91.79733 91.59760 91.39787 91.19816 90.99845 90.79875 90.59906 90.39937 90.19968 90.00000 
100.00000 99.79970 99.59940 99.39910 99.19880 98.99851 98.79822 98.59794 98.39767 98.19741 97.99715 97.79691 97.59668 97.39646 97.19625 96.99606 96.79589 96.59573 96.39558 96.19546 95.99535 95.79526 95.59519 95.39514 95.19510 94.99509 94.79509 94.59512 94.39516 94.19523 93.99531 93.79541 93.59553 93.39567 93.19582 92.99599 92.79618 92.59638 92.39660 92.19683 91.99707 91.79733 91.59760 91.39787 91.19816 90.99845 90.79876 90.59906 90.39937 90.19968 90.00000 
100.00000 99.79970 99.59940 99.39910 99.19880 98.99851 98.79822 98.59794 98.39767 98.19741 97.99715 97.79691 97.59668 97.39646 97.19626 96.99606 96.79589 96.59573 96.39559 96.19546 95.99535 95.79526 95.59519 95.39514 95.19511 94.99509 94.79510 94.59512 94.39517 94.19523 93.99531 93.79541 93.59553 93.39567 93.19582 92.99599 92.79618 92.59638 92.39660 92.19683 91.99708 91.79733 91.59760 91.39788 91.19816 90.99846 90.79876 90.59906 90.39937 90.19969 90.00000 
100.00000 99.79970 99.59940 99.39910 99.19880 98.99851 98.79823 98.59795 98.39767 98.19741 97.99716 97.79691 97.59668 97.39646 97.19626 96.99607 96.79589 96.59573 96.39559 96.19546 95.99536 95.79527 95.59519 95.39514 95.19511 94.99510 94.79510 94.59513 94.39517 94.19523 93.99531 93.79542 93.59553 93.39567 93.19583 92.99600 92.79618 92.59639 92.39660 92.19683 91.99708 91.79733 91.59760 91.39788 91.19816 90.99846 90.79876 90.59906 90.39937 90.19969 90.00000 
100.00000 99.79970 99.59940 99.39910 99.19880 98.99851 98.79823 98.59795 98.39767 98.19741 97.99716 97.79691 97.59668 97.39647 97.19626 96.99607 96.79589 96.59574 96.39559 96.19547 95.99536 95.79527 95.59520 95.39515 95.19511 94.99510 94.79510 94.59513 94.39517 94.19524 93.99532 93.79542 93.59554 93.39567 93.19583 92.99600 92.79619 92.59639 92.39661 92.19684 91.99708 91.79734 91.59760 91.39788 91.19816 90.99846 90.79876 90.59906 90.39937 90.19969 90.00000 
100.00000 99.79970 99.59940 99.39910 99.19881 98.99851 98.79823 98.59795 98.39768 98.19741 97.99716 97.79692 97.59669 97.39647 97.19626 96.99607 96.79590 96.59574 96.39560 96.19547 95.99536 95.79527 95.59520 95.39515 95.19512 94.99510 94.79511 94.59513 94.39518 94.19524 93.99532 93.79542 93.59554 93.39568 93.19583 92.99600 92.79619 92.59639 92.39661 92.19684 91.99708 91.79734 91.59760 91.39788 91.19817 90.99846 90.79876 90.59906 90.39937 90.19969 90.00000 
100.00000 99.79970 99.59940 99.39910 99.19881 98.99851 98.79823 98.59795 98.39768 98.19741 97.99716 97.79692 97.59669 97.39647 97.19627 96.99608 96.79590 96.59574 96.39560 96.19547 95.99537 95.79528 95.59520 95.39515 95.19512 94.99511 94.79511 94.59514 94.39518 94.19524 93.99532 93.79543 93.59554 93.39568 93.19583 92.99601 92.79619 92.59639 92.39661 92.19684 91.99708 91.79734 91.59761 91.39788 91.19817 90.99846 90.79876 90.59906 90.39937 90.19969 90.00000 
100.00000 99.79970 99.59940 99.39910 99.19881 98.99852 98.79823 98.59795 98.39768 98.19742 97.99716 97.79692 97.59669 97.39647 97.19627 96.99608 96.79590 96.59574 96.39560 96.19548 95.99537 95.79528 95.59521 95.39516 95.19512 94.99511 94.79511 94.59514 94.39518 94.19525 93.99533 93.79543 93.59555 93.39568 93.19584 92.99601 92.79619 92.59640 92.39661 92.19684 91.99709 91.79734 91.59761 91.39788 91.19817 90.99846 90.79876 90.59907 90.39937 90.19969 90.00000 
100.00000 99.79970 99.59940 99.39910 99.19881 98.99852 98.79823 98.59795 98.39768 98.19742 97.99717 97.79692 97.59669 97.39647 97.19627 96.99608 96.79591 96.59575 96.39560 96.19548 95.99537 95.79528 95.59521 95.39516 95.19513 94.99511 94.79512 94.59514 94.39519 94.19525 93.99533 93.79543 93.59555 93.39569 93.19584 92.99601 92.79620 92.59640 92.39662 92.19685 91.99709 91.79734 91.59761 91.39789 91.19817 90.99846 90.79876 90.59907 90.39937 90.19969 90.00000 
100.00000 99.79970 99.59940 99.39910 99.19881 98.99852 98.79823 98.59795 98.39768 98.19742 97.99717 97.79693 97.59670 97.39648 97.19627 96.99608 96.79591 96.59575 96.39561 96.19548 95.99538 95.79529 95.59522 95.39516 95.19513 94.99512 94.79512 94.59515 94.39519 94.19525 93.99533 93.79544 93.59555 93.39569 93.19584 92.99601 92.79620 92.59640 92.39662 92.19685 91.99709 91.79735 91.59761 91.39789 91.19817 90.99846 90.79876 90.59907 90.39937 90.19969 90.00000 
100.00000 99.79970 99.59940 99.39910 99.19881 98.99852 98.79823 98.59796 98.39768 98.19742 97.99717 97.79693 97.59670 97.39648 97.19628 96.99609 96.79591 96.59575 96.39561 96.19549 95.99538 95.79529 95.59522 95.39517 95.19513 94.99512 94.79512 94.59515 94.39519 94.19526 93.99534 93.79544 93.59556 93.39569 93.19585 92.99602 92.79620 92.59640 92.39662 92.19685 91.99709 91.79735 91.59761 91.39789 91.19817 90.99846 90.79876 90.59907 90.39938 90.19969 90.00000 
100.00000 99.79970 99.59940 99.39910 99.19881 98.99852 98.79824 98.59796 98.39769 98.19742 97.99717 97.79693 97.59670 97.39648 97.19628 96.99609 96.79591 96.59576 96.39561 96.19549 95.99538 95.79529 95.59522 95.39517 95.19514 94.99512 94.79513 94.59515 94.39520 94.19526 93.99534 93.79544 93.59556 93.39570 93.19585 92.99602 92.79621 92.59641 92.39662 92.19685 91.99710 91.79735 91.59761 91.39789 91.19817 90.99847 90.79876 90.59907 90.39938 90.19969 90.00000 
100.00000 99.79970 99.59940 99.39910 99.19881 98.99852 98.79824 98.59796 98.39769 98.19743 97.99717 97.79693 97.59670 97.39649 97.19628 96.99609 96.79592 96.59576 96.39562 96.19549 95.99539 95.79530 95.59523 95.39517 95.19514 94.99513 94.79513 94.59516 94.39520 94.19526 93.99535 93.79545 93.59556 93.39570 93.19585 92.99602 92.79621 92.59641 92.39663 92.19686 91.99710 91.79735 91.59762 91.39789 91.19818 90.99847 90.79877 90.59907 90.39938 90.19969 90.00000 
100.00000 99.79970 99.59940 99.39911 99.19881 98.99852 98.79824 98.59796 98.39769 98.19743 97.99718 97.79693 97.59670 97.39649 97.19628 96.99610 96.79592 96.59576 96.39562 96.19550 95.99539 95.79530 95.59523 95.39518 95.19514 94.99513 94.79514 94.59516 94.39520 94.19527 93.99535 93.79545 93.59557 93.39570 93.19586 92.99603 92.79621 92.59641 92.39663 92.19686 91.99710 91.79735 91.59762 91.39789 91.19818 90.99847 90.79877 90.59907 90.39938 90.19969 90.00000 
100.00000 99.79970 99.59940 99.39911 99.19881 98.99852 98.79824 98.59796 98.39769 98.19743 97.99718 97.79694 97.59671 97.39649 97.19629 96.99610 96.79592 96.59577 96.39562 96.19550 95.99539 95.79530 95.59523 95.39518 95.19515 94.99513 94.79514 94.59516 94.39521 94.19527 93.99535 93.79545 93.59557 93.39571 93.19586 92.99603 92.79622 92.59642 92.39663 92.19686 91.99710 91.79736 91.59762 91.39790 91.19818 90.99847 90.79877 90.59907 90.39938 90.19969 90.00000 
100.00000 99.79970 99.59940 99.39911 99.19881 98.99852 98.79824 98.59796 98.39769 98.19743 97.99718 97.79694 97.59671 97.39649 97.19629 96.99610 96.79593 96.59577 96.39563 96.19550 95.99540 95.79531 95.59524 95.39519 95.19515 94.99514 94.79514 94.59517 94.39521 94.19527 93.99536 93.79546 93.59557 93.39571 93.19586 92.99603 92.79622 92.59642 92.39663 92.19686 91.99710 91.79736 91.59762 91.39790 91.19818 90.99847 90.79877 90.59907 90.39938 90.19969 90.00000 
100.00000 99.79970 99.59940 99.39911 99.19881 98.99853 98.79824 98.59796 98.39769 98.19743 97.99718 97.79694 97.59671 97.39650 97.19629 96.99610 96.79593 96.59577 96.39563 96.19551 95.99540 95.79531 95.59524 95.39519 95.19516 94.99514 94.79515 94.59517 94.39522 94.19528 93.99536 93.79546 93.59558 93.39571 93.19587 92.99604 92.79622 92.59642 92.39664 92.19687 91.99711 91.79736 91.59762 91.39790 91.19818 90.99847 90.79877 90.59907 90.39938 90.19969 90.00000 
100.00000 99.79970 99.59940 99.39911 99.19882 98.99853 98.79824 98.59797 98.39770 98.19744 97.99718 97.79694 97.59672 97.39650 97.19630 96.99611 96.79593 96.59578 96.39563 96.19551 95.99540 95.79532 95.59524 95.39519 95.19516 94.99515 94.79515 94.59518 94.39522 94.19528 93.99536 93.79546 93.59558 93.39572 93.19587 92.99604 92.79622 92.59643 92.39664 92.19687 91.99711 91.79736 91.59763 91.39790 91.19818 90.99847 90.79877 90.59907 90.39938 90.19969 90.00000 
100.00000 99.79970 99.59940 99.39911 99.19882 98.99853 98.79824 98.59797 98.39770 98.19744 97.99719 97.79695 97.59672 97.39650 97.19630 96.99611 96.79594 96.59578 96.39564 96.19551 95.99541 95.79532 95.59525 95.39520 95.19516 94.99515 94.79516 94.59518 94.39522 94.19529 93.99537 93.79547 93.59559 93.39572 93.19587 92.99604 92.79623 92.59643 92.39664 92.19687 91.99711 91.79737 91.59763 91.39790 91.19818 90.99847 90.79877 90.59907 90.39938 90.19969 90.00000 
100.00000 99.79970 99.59941 99.39911 99.19882 98.99853 98.79825 98.59797 98.39770 98.19744 97.99719 97.79695 97.59672 97.39650 97.19630 96.99611 96.79594 96.59578 96.39564 96.19552 95.99541 95.79532 95.59525 95.39520 95.19517 94.99515 94.79516 94.59518 94.39523 94.19529 93.99537 93.79547 93.59559 93.39573 93.19588 92.99605 92.79623 92.59643 92.39665 92.19687 91.99711 91.79737 91.59763 91.39790 91.19819 90.99848 90.79877 90.59907 90.39938 90.19969 90.00000 
100.00000 99.79970 99.59941 99.39911 99.19882 98.99853 98.79825 98.59797 98.39770 98.19744 97.99719 97.79695 97.59672 97.39651 97.19631 96.99612 96.79594 96.59579 96.39565 96.19552 95.99542 95.79533 95.59526 95.39521 95.19517 94.99516 94.79516 94.59519 94.39523 94.19530 93.99538 93.79548 93.59559 93.39573 93.19588 92.99605 92.79623 92.59643 92.39665 92.19688 91.99712 91.79737 91.59763 91.39791 91.19819 90.99848 90.79877 90.59908 90.39938 90.19969 90.00000 
100.00000 99.79970 99.59941 99.39911 99.19882 98.99853 98.79825 98.59797 98.39770 98.19744 97.99719 97.79695 97.59673 97.39651 97.19631 96.99612 96.79595 96.59579 96.39565 96.19553 95.99542 95.79533 95.59526 95.39521 95.19518 94.99516 94.79517 94.59519 94.39524 94.19530 93.99538 93.79548 93.59560 93.39573 93.19589 92.99605 92.79624 92.59644 92.39665 92.19688 91.99712 91.79737 91.59764 91.39791 91.19819 90.99848 90.79878 90.59908 90.39938 90.19969 90.00000 
100.00000 99.79970 99.59941 99.39911 99.19882 98.99853 98.79825 98.59797 98.39771 98.19745 97.99720 97.79696 97.59673 97.39651 97.19631 96.99612 96.79595 96.59579 96.39565 96.19553 95.99542 95.79534 95.59527 95.39521 95.19518 94.99517 94.79517 94.59520 94.39524 94.19530 93.99538 93.79548 93.59560 93.39574 93.19589 92.99606 92.79624 92.59644 92.39666 92.19688 91.99712 91.79738 91.59764 91.39791 91.19819 90.99848 90.79878 90.59908 90.39938 90.19969 90.00000 
100.00000 99.79970 99.59941 99.39911 99.19882 98.99853 98.79825 98.59798 98.39771 98.19745 97.99720 97.79696 97.59673 97.39652 97.19631 96.99613 96.79595 96.59580 96.39566 96.19553 95.99543 95.79534 95.59527 95.39522 95.19519 94.99517 94.79518 94.59520 94.39525 94.19531 93.99539 93.79549 93.59561 93.39574 93.19589 92.99606 92.79625 92.59645 92.39666 92.19689 91.99713 91.79738 91.59764 91.39791 91.19819 90.99848 90.79878 90.59908 90.39938 90.19969 90.00000 
100.00000 99.79970 99.59941 99.39911 99.19882 98.99853 98.79825 98.59798 98.39771 98.19745 97.99720 97.79696 97.59673 97.39652 97.19632 96.99613 96.79596 96.59580 96.39566 96.19554 95.99543 95.79534 95.59527 95.39522 95.19519 94.99518 94.79518 94.59521 94.39525 94.19531 93.99539 93.79549 93.59561 93.39575 93.19590 92.99607 92.79625 92.59645 92.39666 92.19689 91.99713 91.79738 91.59764 91.39792 91.19820 90.99848 90.79878 90.59908 90.39938 90.19969 90.00000 
100.00000 99.79970 99.59941 99.39911 99.19882 98.99854 98.79825 98.59798 98.39771 98.19745 97.99720 97.79696 97.59674 97.39652 97.19632 96.99613 96.79596 96.59580 96.39566 96.19554 95.99544 95.79535 95.59528 95.39523 95.19519 94.99518 94.79519 94.59521 94.39525 94.19532 93.99540 93.79550 93.59561 93.39575 93.19590 92.99607 92.79625 92.59645 92.39667 92.19689 91.99713 91.79738 91.59765 91.39792 91.19820 90.99849 90.79878 90.59908 90.39938 90.19969 90.00000 
100.00000 99.79970 99.59941 99.39911 99.19882 98.99854 98.79826 98.59798 98.39771 98.19745 97.99720 97.79697 97.59674 97.39652 97.19632 96.99614 96.79597 96.59581 96.39567 96.19555 95.99544 95.79535 95.59528 95.39523 95.19520 94.99519 94.79519 94.59522 94.39526 94.19532 93.99540 93.79550 93.59562 93.39575 93.19591 92.99607 92.79626 92.59646 92.39667 92.19690 91.99714 91.79739 91.59765 91.39792 91.19820 90.99849 90.79878 90.59908 90.39939 90.19969 90.00000 
100.00000 99.79970 99.59941 99.39911 99.19882 98.99854 98.79826 98.59798 98.39771 98.19746 97.99721 97.79697 97.59674 97.39653 97.19633 96.99614 96.79597 96.59581 96.39567 96.19555 95.99544 95.79536 95.59529 95.39524 95.19520 94.99519 94.79520 94.59522 94.39526 94.19533 93.99541 93.79551 93.59562 93.39576 93.19591 92.99608 92.79626 92.59646 92.39667 92.19690 91.99714 91.79739 91.59765 91.39792 91.19820 90.99849 90.79878 90.59908 90.39939 90.19969 90.00000 
100.00000 99.79970 99.59941 99.39911 99.19882 98.99854 98.79826 98.59798 98.39772 98.19746 97.99721 97.79697 97.59675 97.39653 97.19633 96.99614 96.79597 96.59582 96.39568 96.19555 95.99545 95.79536 95.59529 95.39524 95.19521 94.99520 94.79520 94.59523 94.39527 94.19533 93.99541 93.79551 93.59563 93.39576 93.19591 92.99608 92.79627 92.59646 92.39668 92.19690 91.99714 91.79739 91.59765 91.39792 91.19820 90.99849 90.79879 90.59908 90.39939 90.19969 90.00000 
